65.56629911312866
123.46981999375457
11.813179530065193
17.68859848934934
107.25983227318419
-98.24864209781299
-33.8159194663871
5.125357287111106
39.443933313916204
99.14839073243061
92.39862953319793
72.89655143062022
52.431747586863374
83.79274933938414
60.41134303989338
63.750870233497096
68.60616102020342
66.35288080429504
59.676799538934425
139.32474533405554
95.40156104460232
52.143485772071
36.13245611144331
149.0893846122826
122.49190576124313
80.41273755281935
107.74885159720009
79.51725288255268
74.20017243280034
97.46850569563298
109.88249903708582
69.35772718995113
123.25787140949406
115.32587226137815
86.10418356231457
73.65810245512952
99.14618027719663
115.05126406711497
88.45219471355308
154.70356205999937
132.52332186786484
89.9243504676787
-12.443359712162946
-105.31049742040419
126.24195216606998
24.27272585140899
104.63753526009017
81.36514745169443
151.13426768133826
34.8922464758897
76.87224541032886
63.95268752633608
7.839469151249134
59.46310601504402
69.56719256181614
107.48058579809235
78.86430665484139
133.46649667938087
95.03005115321886
104.06423006594606
61.429692909150766
67.41658275758883
100.07263333207271
183.31065375297712
117.19369369821199
79.00421585594444
164.4761662171063
99.45005032954442
10.361927412607841
74.0422996094824
95.5468354224813
128.4208251133423
149.76771011556684
95.08631574915104
124.84215076799389
175.52515274362105
165.88609159679308
129.19082998356353
110.03581101810414
-30.38810233988774
86.99846598246643
-27.68692626599929
97.9760240480885
46.86813172234589
88.97817061239664
85.2278273974609
119.51505256701937
143.85020332054646
86.22646813090373
168.66240615448453
40.00491820886717
-11.497139482118548
84.45830951720848
-19.19426073493932
-69.68124556316246
113.37948739240028
145.14751665739166
110.15582518536414
225.3465600418728
68.00644206007499
165.27230027884576
137.7633440093232
190.80604740571405
195.59474784212807
74.23364392300945
187.9810474524134
190.9655143420294
211.873284165248
156.71818306264356
198.5647342867981
216.3179506467299
101.83046963077233
201.60220731758722
224.13669526325705
235.56892903925657
169.3383875804128
162.25078428526007
160.77509530707138
67.58752322357783
218.2035259358457
72.28146837329375
208.83338599606807
334.3231033268342
-66.39871890248487
145.03860606991014
106.85489939686218
165.91374364097533
181.52739253565156
140.29596035067271
57.36681984570551
83.16439207913544
98.87406321744177
134.9474122233746
145.95737327309914
117.0352674589904
148.48251973530708
47.506081967680146
-81.57796266411765
44.715763497549304
191.33120558796742
90.93798796366596
187.71580044718556
80.94791449761945
118.68695108118203
-97.2480905506567
72.77486651320527
-186.76304591737102
-290.79381354809846
-267.0634017264701
-239.89237916294945
-178.9392983114389
-121.20374619595462
-77.07661436047218
-70.09817228057206
155.7237614372228
-148.0820489597427
-139.9736319074758
-348.0499917507374
-234.81623138306824
-67.32252165697773
10.039011791891337
86.01586643997612
-109.10936211131414
70.35504926539637
-22.644300670415674
49.239946294275136
13.280857575575801
-18.991445533232906
-20.401481931417322
-8.319686208768921
68.64343432421056
53.73922110153649
24.08553902440739
-8.841113263680242
79.3476185490673
80.41832896105899
127.5957631677124
68.27622368901613
43.83220381968488
82.51473614212347
115.3668323483976
76.39853944124037
-25.205874614835036
6.183444732413612
16.5813982770636
78.0799292371581
103.79096700914609
82.00296254299909
93.12379810443204
88.73299971324467
67.22733282770923
76.37595706398405
0.21780820407857604
-16.090838879173656
138.13305685166452
76.84027365420388
-93.55383244953318
-1.3390853736816695
136.26858407239786
55.85308769532364
45.72202335566321
115.17413683935641
-3.957846577219607
58.30010032346574
104.24760162571508
111.4121079973763
124.02217558732947
77.20824317649576
62.844025217767935
84.74831264852888
159.4156648043484
111.47281951247423
83.41070479949083
-9.923561939144285
68.39491219655808
66.6208105964713
21.246672687651554
57.674304452941314
60.00818475760235
141.210677688315
75.39968398326431
73.41214179193236
96.94421842638727
36.46933987003574
35.72756645862725
13.397358813503534
127.49183432583123
54.06024666110278
171.5199574114276
98.55302130762249
83.54523564231971
103.54822474397612
53.071067811865476
92.41665853994816
96.02168941630818
67.4938978952813
108.4814200823505
127.92873671466478
177.93783552064536
109.4956123564662
88.63884557899172
124.67835383715683
169.7635725281549
155.68138858019284
93.54580060786185
144.23008651549776
85.3542543928741
103.34491337393813
137.65057957214742
113.71188917367485
51.030861975420564
120.76463748295308
-46.864524408916864
88.52604762851139
58.1261297493866
114.80617821013622
151.64376963668076
78.89585975642663
15.570251710693071
78.85416764575564
82.3012717381688
77.73009134067271
63.051807833665976
62.92191126995793
119.31848188934234
9.434496881326355
85.73323783240676
108.03943752798727
34.15000397185503
123.08088244805754
56.80967472787876
73.12770488197579
64.7306628174891
50.422112439697884
62.54824223769758
151.94518493573904
99.97686059552265
117.89104527453142
111.90296288719603
66.32506276220066
65.5304007547446
81.17083401908758
21.12163384292235
141.68979628401803
117.4708693036028
103.145579259371
128.90524574336584
122.33062670091584
126.03551638700239
154.19889652733906
102.62820604136628
74.28890834818597
108.37734394982448
142.1526544829946
98.54699422982792
54.48385201497118
23.304507189741695
-21.9783723984479
50.377831733614855
96.67890625835231
5.142749981142845
61.09842063819244
-10.0691905785803
29.490498473489104
71.30285748825712
34.513764366135895
96.4811346564301
-28.40904611651226
42.55688937002675
33.7942490445896
97.48736482764562
44.24428441788522
-13.213049025200425
106.5589085000477
110.84068111187341
82.93381971093073
108.1976428912929
63.27554538140656
99.62065888034962
57.278084503776775
114.21389036971082
45.13937584145431
27.73145480761601
45.08908377614017
116.7474602252621
-38.88675069621934
19.827233788449437
110.34660431058724
83.70970083447521
41.54828216505397
71.1020465254977
76.60100208323693
101.35692189981991
132.86750603036086
44.94883863304073
122.73376638713135
41.23302587268445
76.33510018751275
65.61964662841518
84.18085070402655
58.85415089869642
45.90534425705134
75.28049524604184
72.90207754356132
82.02657535919928
109.91502217651842
120.6495550392392
72.51993283238549
93.42110915341704
73.63369921988858
95.87246223690916
93.38601219405356
72.02104996859696
127.10082358734641
91.87212099945184
65.32242026408852
159.05320625824334
91.93217307955919
68.35087598458537
145.88282570778262
148.42971453416544
105.96349194866426
101.11669524439039
35.18659428667312
143.4510288907237
84.32410826929248
113.32249801336113
60.616473175871455
112.86495875715957
15.334634016072801
61.16289633633849
-3.299351933791579
61.92548265259676
75.80657806229036
45.49417596225755
168.381335581428
82.69921436573085
57.47781086159206
-32.83084456120828
92.19999982440314
73.46896180951187
172.81380941240917
186.37697664028835
164.90856989723116
161.7288393120313
149.72312672142039
183.58420684158006
149.44966909223558
86.83608684052722
77.73291137017637
146.21224249812906
85.17151458247329
101.52305133350876
44.731084506834904
51.179365331328235
66.37671852853384
112.9432333000574
71.36614029515316
94.51759257101685
11.593136969241653
59.13180702325219
61.39791609888067
68.45216257053558
10.009112522563965
24.04519581161622
88.94838431627531
40.03882650624818
19.663732317780827
111.82198806564911
88.20830302165876
36.34880375289795
27.8750810971501
127.30676295263031
46.824625429518555
87.93299615921563
174.57164359307913
87.43100195608268
110.27598125860877
73.10734542341802
90.86807724197763
70.16291359076509
121.52741386032729
69.11110037313823
77.72193592580663
73.30512849289556
42.95755135876098
122.81924354824861
86.21396720383076
139.15793893780526
38.48372887329761
39.0541833907553
43.99429982517984
83.0008770046108
62.776076999190295
108.6705304120099
40.23262535535383
78.12111107442595
90.7354988811744
73.39569747914753
95.53818533160751
77.71950164683241
99.93897665540985
55.75965530172666
126.85085314719667
109.43010682087191
93.40499840811675
79.47382370163982
87.05504695248479
96.60751988573256
149.46295241540616
68.60044433978315
96.53437466066082
38.29867202751317
92.44810163133971
95.50800291195971
25.09674095594019
22.783003031852775
80.88220623943518
36.320372328682396
47.541328313915464
27.004692269958316
30.057785279553244
-1.3072219243271306
35.95946873322642
66.0097888707849
34.20836453902042
-0.19684599835547445
-11.251536248861473
146.54359250977166
48.91481952258676
23.41792540443564
72.57850360168955
134.0578173842568
94.35057119265804
48.071067811865476
73.19309262513579
102.66196809240115
50.778484844381666
149.5891439726787
84.46455551950741
125.65656439577768
98.43349252147773
99.62060913079138
94.22157784523252
45.7998257069532
98.02922505091387
-17.588726395152147
65.78450476492958
112.56108198997849
49.27511705325735
83.13828417077582
62.43625572238353
24.575961006851056
103.48030567853596
14.415207120341947
57.50716919128674
47.4657080371424
102.94015293694777
31.716514000021178
145.1642224630875
39.49484976759143
99.65924647895288
97.00059164920613
89.34654026539997
43.81585492483682
43.934657615550194
57.067481211745836
84.2793975930818
55.43233018485836
155.59199986380662
66.79485104458253
9.007136039460878
62.34196532241738
30.632722867206482
115.72623828253047
102.67580000674063
53.424952595542386
122.5097253720384
63.067827654965186
65.1425005767395
131.78712637714585
20.698384476574198
70.26168689147961
82.1158222980067
95.1947192772197
123.62616649583907
75.06431025558399
58.56588262626731
123.04974091939252
128.65364697925756
71.42893286506732
96.53453015214492
80.86883858898939
81.24730780630702
23.93421251950701
-17.82105372978342
53.048837749231154
17.038419950751408
50
79.3062800875523
67.35922807172226
60.95971548291503
107.21520962354779
97.11426818662225
103.94866699394116
86.88744161797402
133.68489505090875
45.06136772103859
75.08106200545691
71.93187318139255
121.3075537074783
154.7819751371137
74.28654893035653
95.2563693499541
60.140622063210856
49.84021249549218
74.22948315386685
45.25235509123983
113.0626115948382
-13.469494585828674
33.69232988136673
108.8625671609949
194.01367772956888
16.785303870604736
103.2277343106352
90.54524220262259
122.98646483839346
106.05000403436493
135.39819210765702
105.8998771292954
100.71192388436873
55.0
137.3103869369007
109.33171059188766
83.13457307983327
138.7794271758672
78.49004244596678
132.39309120233537
88.47143739701406
9.905642341150845
15.08705752840542
-15.862099604579548
37.798496298574975
5.140303228720612
104.24157961352608
91.50244184018878
92.84395185103293
115.74080317194104
-28.54679477783926
125.33899471696272
2.6332022383146096
-10.734972266841403
25.4229203428769
122.1549071813735
12.400127949021552
127.00322461367671
140.71257853650584
80.26004716021644
66.60601515080731
74.69841906219276
137.20221886937009
123.54985457801189
105.54207345153058
40.034717267832136
56.724101946971416
88.00274683284798
103.80227599938321
90.69320819905474
85.51725347958441
55.19365371133723
114.73878404962522
126.35100953485588
58.20333980648827
68.48257670443203
40.25549384774233
51.411603289824825
14.463273711725805
18.665372618471174
57.14939702843337
114.49293576587141
-2.023769108065304
32.05207457151862
75.23479709216512
74.39930520866204
70.13951571303936
83.1674060843801
42.66712082314151
59.66044312889419
43.80003070177433
81.07016656256545
65.65593308871614
10.203224784447649
65.64118160774295
104.59331848425303
62.564312429609245
143.30055107990734
54.44129362860866
-6.624036329275356
138.13396968533678
93.39056761370134
109.56916534612003
2.168259773479747
116.91014153541583
39.603587135885476
-4.240661831048641
103.0172638016938
112.75610946123179
158.20173523643885
117.72004799514498
83.63700908463098
137.37319355818883
114.4925943102904
84.23446497805429
140.13585166369916
176.88521795845898
84.47027909103879
121.87226998450265
92.90995531709224
26.55849761619178
78.43517068195419
71.99086270896939
21.682932136345592
86.44662577948287
96.26827771543576
-34.287391527830074
49.5117032282901
123.19171112628
104.22117256487395
179.56223608174153
120.88443455217065
161.27667447482773
75.79216147749804
105.22223572445603
74.87784870560337
92.79769718354967
120.85410358740418
34.67636350246988
65.28360409195005
48.734443447787065
59.164096196593206
2.6822932077348547
-37.53745920984284
78.32036953990738
13.662133923693453
19.050864963094217
55.420547394342975
20.546102384853473
65.58237119769872
31.107163909444083
96.07649727941792
119.04423984404468
98.72178590474
144.47538247531347
85.98820809791442
65.18208778251935
96.28601436494951
120.55271936967695
91.33062338998944
125.9658139012345
32.23107708823221
51.40669998399566
120.5238357376986
4.805006986855805
74.09312699428044
71.07634510413632
35.54693235686505
43.7498433985448
-0.5232946731638153
62.52492363784795
48.150328141725915
27.093189774052455
50.015540920421564
72.65539205187294
99.26332503938372
50.76976867260621
95.63591330218479
32.65016406629947
80.37927695204948
125.12138507947378
67.27945740647155
63.56291774927644
66.64257511049647
86.05655238957723
43.928640178489644
80.90516180133892
79.87077872963086
46.14600583115208
111.01475932599533
64.21718954931033
117.83483700262745
98.63965138918681
164.35041631417886
82.91065976478737
108.9432616219463
51.51782279058147
11.372191312660327
97.28203361972123
126.30631532949697
125.77236834314387
163.34484942361075
88.27036642230175
76.80085871360106
72.71967863483322
29.56221078740769
-44.385285222732904
117.21388110086012
37.391986976652035
95.44997622516121
-68.30225055400496
86.80528167916026
112.74995405531004
127.08564232246215
83.69865665839426
91.16174388395534
168.3996272718888
145.02627829155222
101.07980980760694
129.39909963739967
61.818613790998356
133.90702659028
110.38004311819107
108.6823927204204
61.0373661941472
93.11831990571532
111.79607248016788
118.53428809203812
134.68941909255085
124.78150813823156
119.43374948689653
123.1339320710552
79.43011879638891
57.209272798948255
-2.471348028026334
-95.66249753024117
-8.391969456237543
158.1642910513063
131.54643066429492
49.16993610023593
88.27384236424314
195.32081392740923
134.42473084382982
107.89705866989283
166.51072183657885
113.99614263512001
127.17985507294398
120.6397161295057
60.04945266619349
130.89301768528355
79.39030044751169
159.84551121220068
164.889248817851
48.381131045435644
102.79329712214607
132.13312476068324
52.70777825273788
34.54453484779171
181.26537368032584
53.887960433269186
109.81024947852826
41.317347877537806
148.57558615044576
118.01774181115316
110.98544838610113
39.01654637980308
69.6737016778264
-13.968201683447614
39.37855114816967
-48.111609500706166
57.173492676408046
123.62102389175233
108.28483978502109
135.26849662960888
101.52885393069288
139.66416850880395
120.21797824993882
110.40313720018237
138.03021504511196
72.14600317829112
94.35598543200886
116.41023078375288
132.2162911135572
87.44349825514506
99.55958551475958
107.66742087962906
92.86337327913948
66.82245881393673
91.6994444357842
70.91423619689144
106.30981983603718
131.63710911365206
69.04757225791569
117.01648541470537
73.53077528625178
39.51504293203115
155.63777004952289
122.17516072315358
66.23705672809251
80.29952274632396
99.10710888081702
96.46492389396059
120.69701694191365
70.56559822365429
67.31210969702397
49.32801835836692
-74.06087825088508
-55.298627277673454
40.37543828487442
24.098369784179962
87.37450829599557
107.88198772755288
50
115.50674567927908
130.24847380171659
143.36262066599087
18.74785220831876
78.48396031379154
128.4209020032945
103.22583396389001
59.18107298757055
138.26937693776196
75.81396516262618
55.555151858880876
60.66863747233394
47.58973316594884
-8.601953879227679
78.12710878671837
84.12471810339441
47.024183186323356
96.4328416121695
88.98705274144628
54.48576835233892
7.002526568045515
48.266390976850765
101.45112556564776
89.64977244238526
49.042061512088594
75.65044675270596
110.87768204156225
73.52429460763412
152.4576958797208
126.00666343917864
84.3961902221578
87.61781759532144
74.38940607555872
57.793590903719405
50.09987130633262
81.49997689341666
73.53048020966482
130.5847372995471
118.19972651918094
135.94937539339983
62.522724926491904
78.68484678404741
135.51108262585393
70.7204254255152
134.59029976621943
69.42999463986017
132.49925765175925
76.88674598582882
102.01917579204928
-4.09630429970068
20.204155835698977
8.263137267341659
102.68369530658217
99.49663470690308
80.90015571192953
71.51101982010323
108.2319582083343
-16.134056556007724
184.1066928497127
162.3243340898964
-48.135322803898035
-76.42274285709519
-43.58679287217175
75.44004519469222
-31.298905445635032
83.96454786288427
112.1162021473595
77.98160835417181
143.25645655437535
90.27926355963918
116.95071976292148
34.678932453719575
126.99519086875083
144.98402945582689
115.75946964960787
124.29006681261087
76.54658628540838
97.49776939226926
97.77178655548323
82.22666694790013
129.1456881493861
45.976882429077435
101.9559327129258
172.52206424148434
100.35226889676007
7.154333238259962
117.43345206206472
82.88539575517022
139.4974957062817
27.189903611576735
98.71220426868494
136.75444707135466
134.8166758508812
82.44217463063264
45.90938181565282
160.8745091047325
140.10627575097138
134.63187947969624
148.35274198359724
97.65003622113653
69.57526177453606
20.58282932482831
72.11829452399061
40.82441875129145
73.76424739279769
-10.886165787662648
87.87636662685179
103.95222194519881
106.19618291144502
89.4989101838075
115.25938171041739
163.43894333154623
106.11951460647036
102.15823990533077
43.31615962976581
44.17023199137448
88.49457052772973
71.86316717882335
51.47561222168639
71.23698041784476
51.99683284193439
86.77416535687784
111.99415038897001
56.50769298868283
141.71282206088364
54.76506624831875
49.08852133736923
64.70830099632927
83.6501368476605
168.08395339319765
92.23753341812667
83.43066647950393
56.09677499819931
66.93507715983291
62.02005384451389
111.89608494630511
138.31525570811183
99.04192528170078
90.57608163187483
65.0121059827145
108.00379468083818
83.35714489734455
31.1908994169645
69.9696737514706
87.88225342845568
107.80915128845591
55.290906561244896
63.91260824681447
87.10219898351241