300
300
300
300
300
300
300
300
300
300
300
70
13
300
300
300
300
300
300
190
300
300
300
300
284
300
300
300
300
300
300
300
300
300
300
34
300
113
137
300
300
300
300
300
267
300
300
300
300
300
300
300
300
298
296
175
90
218
272
249
300
62
178
258
142
300
272
121
300
159
300
120
139
146
144
251
242
300
109
300
221
300
300
300
100
300
300
65
300
205
300
300
300
300
300
218
112
106
300
300
116
300
250
218
51
189
300
239
256
105
164
77
300
189
300
183
97
300
300
300
23
300
300
300
201
300
197
233
110
74
300
181
300
300
300
300
300
300
300
125
130
221
300
300
300
300
300
300
300
300
300
300
300
300
169
300
300
300
300
300
300
103
300
31
300
300
300
300
300
300
300
300
300
300
175
41
149
28
300
300
300
300
300
300
300
300
300
300
300
126
300
300
300
300
300
300
300
300
300
300
300
228
300
300
182
300
212
300
300
300
211
98
300
300
300
300
300
300
63
269
300
251
172
300
300
300
239
300
245
300
250
129
5
114
197
89
300
288
221
300
300
140
245
300
138
214
300
300
300
300
117
225
300
300
300
300
300
300
300
132
300
90
300
300
300
300
300
300
300
255
300
300
300
300
300
262
300
172
188
300
300
300
300
225
300
300
230
300
300
131
96
300
135
192
197
300
300
300
300
300
300
135
300
300
300
300
78
300
300
300
300
300
300
300
300
300
300
300
300
300
110
300
300
300
300
300
300
265
300
300
300
300
300
272
300
300
300
64
300
300
300
300
300
300
300
300
300
300
300
42
300
300
300
247
300
95
289
300
300
231
225
300
300
300
300
300
300
300
246
300
300
300
300
300
300
218
300
17
300
300
300
300
214
300
282
300
300
300
144
52
300
300
255
300
300
300
300
300
300
300
300
300
300
300
300
300
300
300
255
300
300
300
300
300
300
296
300
248
300
300
178
142
300
300
300
300
259
300
248
300
300
300
300
300
300
300
300
300
300
74
300
99
18
275
300
300
300
300
138
300
300
300
300
300
229
300
300
300
300
300
300
300
300
300
300
300
300
300
252
300
300
300
300
300
5
69
300
300
258
300
300
300
300
300
300
287
300
177
300
300
300
300
300
147
300
300
300
300
300
279
300
300
300
300
300
300
300
300
300
259
300
300
300
300
120
159
290
128
300
80
162
300
300
300
86
300
300
300
300
121
300
300
300
300
300
300
300
300
1
300
300
300
274
127
300
300
227
300
188
300
300
219
179
151
300
300
300
300
291
300
300
52
140
300
300
223
300
300
300
245
300
6
223
294
300
300
300
300
300
300
300
300
300
300
300
300
300
236
300
233
300
300
300
294
300
261
151
266
300
91
218
300
300
300
300
300
300
300
153
300
300
300
300
300
300
300
300
300
300
121
300
300
300
300
300
300
300
300
300
300
300
300
300
300
300
300
300
300
300
300
300
300
262
300
300
300
300
300
208
300
300
300
86
263
300
300
300
300
300
300
300
300
300
300
300
300
184
300
289
106
300
300
300
300
300
300
300
300
300
300
300
300
300
300
300
300
300
300
300
300
300
207
300
300
300
300
237
300
300
300
300
257
300
300
300
300
300
300
300
300
300
300
63
300
300
300
300
300
300
300
300
300
300
300
300
300
300
180
300
300
300
239
133
300
38
300
300
212
207
280
300
300
300
300
300
168
300
124
300
300
181
174
56
82
245
239
158
69
15
223
76
300
20
96
133
273
133
269
138
191
300
300
300
300
300
189
300
300
90
265
136
300
228
300
121
300
55
250
300
300
228
300
300
300
300
300
210
58
300
300
168
300
298
300
300
300
300
300
300
300
300
300
300
300
300
300
300
300
300
300
300
300
300
300
59
50
300
300
300
300
300
300
300
300
300
300
300
300
300
300
237
50
300
300
300
300
300
300
184
131
1
222
235
190
300
165
147
168
24
201
38
300
300
300
291
300
300
300
300
300
300
300
28
300
211
300
300
300
300
220
185
300
300
233
300
300
300
145
238
300
300
300
300
300
249
300
300
262
300
220
300
300
300
300
147
295
300
300
300
290
275
300
300
300
300
300
144
224
300
248
99
182
300
95
102
100
171
223
193
300
257
199
300
189
123
300
300
186
164
192
300
205
201
177
300
300
189
295
230
280
300
300
300
300
300
300
300
300
300
300
300
256
274
300
300
300
300
300
300
300
300
300
300
300
300
187
300
116
300
300
290
178
300
300
300
300
300
271
300
300
300
300
300
300
300
300
219
300
300
300